358.51
360.52
363.65
363.46
363.03
363.99
366.82
367.3
370.71
369.58
370.51
371.2
370.25
369.36
369.29
370.62
369.57
368.03
365.96
360.09
358.85
358.7
356.61
353.95
353.61
351.99
351.81
351.47
349.21
349.26
349.26
349.48
349.15
348.54
347.96
348.14
346.51
344.85
344.04
344.49
344.12
344.43
345.38
345.34
348.16
350.39
349.66
348.61
347.75
348.19
347.52
347.59
348.75
348.03
344.2
342.68
344.21
344.31
345.04
345.32
344.44
342.67
341.08
340.37
339.98
339.72
339.43
339.66
340.67
341.35
340.35
337.93
337.84
337.9
338.21
338.82
339.13
339.96
338.69
335.13
334.97
334.67
334.28
334.43
335.28
335.81
333.41
332.38
332.46
330.75
330.86
331.54
334.51
335.69
335.43
335.34
336.62
336.42
338.13
339.42
340.78
343.84
345.41
347.14
346.93
346.4
346.21
344.88
343.31
342.32
342.26
341.72
341.84
341.46
342.15
343.56
342.93
342.58
341.78
340.12
339.37
338.81
338.37
337.75
339.32
337.91
337.82
335.99
333.6
332.36
331.75
331.07
332.01
332.65
333.22
333.3
332.1
330.66
330.4
330.13
330.48
332.03
330.93
329.65
330.76
327.65
326.77
327.42
327.66
328.38
328.25
329.64
330.64
331.68
331.12
330.53
329.75
328.7
328.62
329.3
329.82
330.03
329.11
329.73
330.7
331.31
331.41
330.69
329.62
328.92
327.94
327.94
328.6
328.6
328.65
329.69
330.73
331.37
331.78
331.69
331.07
330.76
330.16
330.08
329.52
330.87
330.08
330.67
332.02
333.23
333.77
334.25
334.28
333.47
332.08
331.47
330.49
